2.72,10.28,42.52,15.9,-13.27,28.56,-0.7
-2.72,10.28,42.52,15.9,-13.27,28.56,-0.7
-2.72,10.28,42.52,15.9,-13.27,28.56,-0.7
-2.72,10.28,42.52,15.9,-13.27,28.56,-0.7
-2.72,10.28,42.52,15.9,-13.27,28.56,-0.7
-2.72,10.28,42.52,15.9,-13.27,28.56,-0.7
-2.72,10.28,42.52,15.9,-13.27,28.56,-0.7
-2.72,10.28,42.52,15.9,-13.27,28.56,-0.7
-2.72,10.28,42.52,15.9,-13.27,28.56,-0.7
-2.72,10.28,42.52,15.9,-13.27,28.56,-0.7
-2.72,10.28,42.52,15.9,-13.27,28.56,-0.7
-2.72,10.28,42.52,15.9,-13.27,28.56,-0.7
-2.72,10.1,42.0,15.9,-13.27,28.56,-0.7
-0.26,5.8,37.08,11.77,-8.43,33.13,-5.8
1.31,-2.02,29.25,2.81,0.0,41.13,-15.29
1.05,-5.71,19.15,-10.1,11.16,46.49,-29.26
0.96,-4.21,10.36,-23.64,19.77,47.98,-43.5
1.14,-4.48,8.86,-34.89,23.46,47.98,-53.08
0.43,-12.91,-12.57,-65.65,7.55,83.32,-59.76
0.43,-12.91,-12.92,-60.29,5.71,81.82,-59.76
0.08,-12.91,-13.01,-50.53,4.57,74.35,-59.76
-0.79,-12.91,-13.01,-37.17,2.98,62.84,-59.94
-1.05,-12.83,-13.01,-23.64,2.98,48.69,-60.11
-1.05,-12.83,-13.01,-13.35,2.63,35.5,-60.11
-1.14,-12.74,-13.01,-6.67,1.49,26.27,-60.11
-1.05,-12.48,-13.01,-3.6,0.7,21.0,-60.11
-1.14,-11.95,-12.92,-0.35,-2.81,20.03,-60.11
-1.05,-10.54,-11.61,1.84,-3.07,22.58,-60.11
-1.75,-8.34,-10.2,2.19,-2.46,26.89,-60.11
-2.9,-6.67,-10.2,2.46,-2.46,32.25,-60.11
-5.18,-5.0,-10.2,2.46,-3.86,39.9,-60.11
-7.73,-3.69,-10.2,1.93,-4.83,48.77,-60.11
-9.75,6.41,-0.71,-4.92,2.37,51.67,-60.11
-9.66,8.7,1.4000000000000004,-9.05,4.13,48.69,-60.11
-9.75,11.07,3.34,-11.95,5.09,44.56,-60.11
-9.75,13.35,4.92,-13.71,5.09,41.39,-60.11
-9.75,15.29,6.49,-14.94,5.09,39.46,-60.29
-9.75,16.61,9.04,-17.05,5.18,39.02,-60.46
-9.75,17.57,11.5,-17.57,5.36,36.82,-61.52
-9.75,18.01,13.43,-18.19,5.36,35.68,-63.54
-9.75,19.33,16.07,-20.03,5.36,32.95,-63.89
-9.58,20.3,16.77,-20.03,5.36,29.53,-64.42
-8.96,21.0,16.77,-20.21,5.36,29.17,-65.03
-8.78,21.0,16.77,-20.65,5.36,29.88,-65.39
-8.7,21.0,16.77,-20.65,5.27,29.88,-65.47
-8.7,21.0,16.77,-22.06,5.0,29.7,-65.47
-8.78,21.0,16.77,-23.11,4.65,29.17,-65.47
-8.87,21.09,16.77,-23.2,3.77,28.74,-65.47
-8.87,22.06,17.39,-23.29,2.72,28.74,-65.47
-8.78,22.67,18.79,-23.29,2.72,28.74,-65.47
-8.78,23.73,20.38,-23.29,3.16,29.09,-65.47
-8.7,24.16,21.69,-23.29,3.33,29.35,-65.47
-8.61,24.69,23.1,-23.29,3.33,29.44,-65.47
-8.61,25.57,23.72,-23.46,3.69,29.79,-65.47
-8.7,26.45,24.95,-24.08,4.83,29.79,-65.47
-8.61,27.07,25.12,-24.34,4.92,30.23,-65.47
-8.61,27.33,25.12,-24.34,4.92,30.41,-65.47
-8.61,27.33,25.12,-24.34,4.92,30.41,-65.47
-7.03,30.49,29.340000000000003,-28.21,6.76,30.41,-65.3
-7.03,30.49,29.340000000000003,-28.91,6.76,31.11,-65.3
-7.11,30.49,29.340000000000003,-29.0,6.76,31.37,-65.3
-7.11,30.49,29.340000000000003,-29.35,6.76,32.6,-65.3
-7.2,30.49,29.340000000000003,-30.05,6.76,33.66,-65.3
-7.2,30.49,30.92,-30.23,7.99,33.66,-65.3
-7.2,30.49,31.71,-30.23,8.26,33.66,-65.3
-7.2,30.49,31.71,-30.49,8.61,33.66,-65.3
-7.2,30.49,31.71,-30.58,8.7,33.75,-65.3
-7.2,30.49,31.71,-30.67,8.7,34.71,-65.3
-7.2,30.49,31.71,-31.64,8.7,35.06,-65.3
-7.29,30.49,31.71,-31.64,8.7,35.59,-65.3
-7.29,30.49,31.71,-31.64,8.7,35.77,-65.3
-7.29,30.58,31.71,-31.64,8.7,36.12,-65.3
-7.29,31.9,34.09,-32.16,10.28,36.12,-65.3
-7.29,32.6,34.97,-32.6,11.25,36.47,-65.3
-7.47,32.69,35.05,-32.69,11.25,36.91,-65.3
-7.55,33.48,35.05,-33.04,11.25,37.52,-65.3
-7.55,33.92,35.05,-33.04,11.25,37.88,-65.3
-7.55,34.01,35.05,-33.04,11.25,37.88,-65.3
-7.55,34.01,35.05,-33.04,11.25,37.88,-65.3
-7.47,34.27,36.46,-33.39,11.33,37.88,-65.3
-7.38,34.62,37.87,-34.1,11.33,37.88,-65.3
-7.47,34.62,37.87,-34.1,11.33,37.88,-65.3
-7.47,34.62,37.87,-34.1,11.33,37.88,-65.3
-7.47,34.62,37.87,-34.1,11.33,37.88,-65.3
-7.47,34.62,37.87,-34.1,11.33,38.23,-65.3
-7.47,34.62,37.87,-34.1,11.33,38.23,-65.3
-7.47,34.62,37.87,-34.1,11.25,38.23,-65.3
-7.38,34.98,37.87,-34.1,11.25,38.23,-65.3
-7.03,36.03,38.83,-34.1,11.25,38.23,-65.3
-6.76,36.56,39.01,-34.18,11.25,38.23,-65.3
-6.76,36.56,39.01,-34.18,11.25,38.93,-65.3
-6.76,36.65,39.01,-34.18,10.98,39.28,-65.3
-6.67,37.08,39.98,-34.27,11.68,39.37,-65.12
-6.59,37.26,40.94,-34.54,12.83,39.46,-65.12
-6.67,37.35,41.47,-34.8,12.91,39.46,-65.12
-6.67,37.44,41.47,-34.89,12.83,39.46,-65.12
-6.67,37.44,41.47,-34.89,13.35,39.46,-64.95
-6.67,37.44,41.47,-34.89,13.35,39.46,-64.77
-5.97,37.44,41.47,-34.98,15.82,39.55,-21.53
-6.24,37.44,41.38,-34.98,15.9,40.25,-19.51
-6.24,37.44,41.38,-35.41,16.34,40.42,-21.0
-6.32,37.44,41.38,-35.5,16.34,40.42,-26.89
-6.67,37.44,41.21,-35.68,16.43,40.95,-37.61
-6.59,37.44,40.94,-35.68,16.96,40.95,-52.11
-6.24,37.44,40.94,-35.68,16.96,40.95,-61.96
-6.24,37.44,40.94,-35.68,16.96,41.04,-67.93
-6.32,37.44,41.12,-35.68,16.96,41.13,-69.16
-6.32,36.73,40.85,-35.68,16.96,41.66,-67.23
-6.32,36.47,40.94,-35.77,16.96,41.66,-66.79
-6.32,36.38,41.03,-35.77,17.66,41.66,-66.62
-6.32,36.21,41.03,-35.77,17.66,41.66,-65.39
-6.32,36.21,41.03,-35.77,17.66,42.27,-61.78
-6.32,36.21,41.03,-35.77,17.66,42.36,-55.45
-6.32,36.21,40.94,-35.77,17.66,42.71,-48.77
-6.32,36.21,40.94,-35.77,17.66,42.97,-41.04
-6.32,36.21,40.94,-35.77,17.66,43.33,-35.68
-6.32,36.21,40.94,-35.77,17.66,43.41,-31.02
-6.32,36.21,40.94,-35.77,17.66,43.41,-26.8
-6.32,36.21,40.94,-35.77,17.66,43.41,-23.55
-6.32,36.21,40.94,-35.77,17.66,43.41,-20.39
-6.32,36.21,40.94,-35.77,17.66,43.41,-14.15
-6.32,36.21,40.94,-35.77,17.66,43.41,-11.25
-6.32,36.21,40.94,-35.77,17.66,43.41,-10.72
-6.32,36.21,40.94,-35.77,17.66,43.41,-10.72
-6.59,36.21,40.94,-35.77,18.01,43.24,-10.72
-7.03,36.21,40.94,-35.94,18.01,43.15,-10.72
-7.82,36.21,40.94,-36.29,19.07,42.97,-10.72
-8.87,35.68,40.85,-36.29,19.59,42.89,-10.28
-9.4,35.59,40.85,-36.29,19.59,42.89,-10.28
-9.84,35.59,40.85,-36.29,20.21,42.89,-10.28
-10.37,35.59,40.85,-36.65,20.83,42.89,-10.28
-10.72,35.59,40.85,-36.82,21.0,42.89,-10.28
-10.89,35.59,40.85,-37.88,22.32,44.56,-10.28
-11.07,35.59,40.85,-38.49,23.2,45.43,-10.28
-11.07,35.5,40.85,-38.49,23.2,45.43,-10.28
-11.07,34.54,40.77,-39.28,23.55,45.96,-10.28
-11.07,31.81,36.9,-38.75,22.58,47.46,-9.75
-10.28,30.67,36.9,-38.75,22.58,47.46,-9.75
-9.58,29.44,35.41,-37.61,22.41,47.46,-9.75
-9.14,26.36,31.630000000000003,-36.38,19.86,47.98,-9.58
-8.7,23.11,28.729999999999997,-35.5,19.07,48.07,-9.66
-8.34,19.07,23.54,-33.31,17.49,48.07,-9.66
-8.08,13.71,19.15,-32.87,16.34,48.07,-9.66
-7.55,8.52,14.579999999999998,-31.72,15.11,48.07,-10.45
-6.76,3.77,10.09,-31.11,15.02,48.07,-10.45
-5.27,-1.84,6.3100000000000005,-30.93,14.85,47.54,-11.33
-3.6,-7.29,2.1900000000000004,-30.49,14.23,47.54,-11.33
-1.49,-12.56,-2.47,-30.49,14.23,47.54,-11.33
0.35,-17.75,-7.210000000000001,-30.49,14.32,47.54,-11.86
1.84,-22.06,-11.25,-31.02,15.11,47.54,-12.21
3.95,-36.82,-19.96,-32.6,16.96,46.66,-21.18
3.95,-39.28,-21.89,-32.6,17.75,46.66,-21.53
3.95,-41.3,-23.82,-32.6,19.24,46.66,-22.14
3.95,-43.15,-26.11,-32.6,20.21,46.66,-22.5
3.86,-44.56,-28.83,-32.95,19.51,46.23,-22.67
4.04,-45.87,-31.909999999999997,-33.04,15.02,44.29,-22.32
4.3,-46.75,-33.32,-33.04,12.83,43.94,-21.53
4.3,-47.46,-33.489999999999995,-33.13,12.83,43.24,-20.91
4.39,-47.54,-33.58,-33.13,12.83,42.97,-20.21
4.48,-54.14,-38.76,-20.65,10.98,25.13,-12.48
4.48,-54.75,-40.0,-20.56,10.1,25.04,-12.48
4.48,-54.84,-40.79,-20.56,10.01,25.04,-12.21
4.48,-55.37,-41.84,-20.03,10.01,25.04,-12.21
4.48,-56.16,-42.28,-20.03,9.49,25.04,-11.95
4.48,-56.16,-42.37,-20.03,9.31,25.04,-11.6
4.48,-56.25,-42.37,-19.59,8.87,25.04,-11.25
4.48,-56.25,-42.37,-18.8,8.7,24.52,-11.07
4.48,-56.25,-42.37,-18.19,8.52,24.08,-10.37
4.48,-56.25,-42.37,-18.01,8.17,24.08,-10.37
4.48,-56.16,-42.37,-18.01,7.82,24.08,-10.37
4.48,-56.16,-42.37,-18.01,7.64,23.81,-10.37
4.48,-56.07,-42.37,-17.75,7.55,23.64,-10.37
4.48,-56.07,-42.37,-17.57,7.29,23.55,-10.37
4.48,-56.07,-42.37,-17.49,6.67,23.55,-10.37
4.48,-56.07,-42.37,-16.43,6.67,23.02,-10.01
4.48,-56.07,-42.37,-16.43,6.59,22.58,-9.93
4.48,-56.16,-42.37,-16.08,5.97,21.88,-9.93
4.48,-56.07,-42.28,-15.38,5.53,21.53,-9.93
4.48,-56.07,-42.28,-14.58,4.92,20.65,-9.84
4.48,-55.98,-42.28,-13.53,4.39,19.68,-9.84
4.48,-55.98,-42.28,-13.0,4.21,19.24,-9.49
4.48,-56.07,-42.28,-12.21,4.21,17.92,-9.14
4.48,-55.98,-42.28,-10.89,3.95,16.52,-8.52
4.48,-56.07,-42.28,-9.14,3.69,14.94,-8.52
4.48,-55.98,-42.28,-7.11,3.6,12.48,-8.52
4.48,-56.07,-42.28,-4.48,3.07,8.78,-8.52
4.48,-55.98,-42.37,-2.37,2.98,5.18,-8.52
4.48,-55.98,-42.37,0.08,2.63,1.14,-8.52
4.48,-55.98,-42.37,2.19,2.63,-2.37,-8.52
4.48,-55.98,-42.37,3.16,2.63,-4.65,-8.52
4.48,-55.98,-42.37,3.16,2.63,-5.27,-8.52
4.48,-56.16,-42.37,3.25,2.63,-5.97,-8.52
4.48,-56.16,-42.37,3.25,2.63,-5.97,-8.52
4.48,-56.16,-42.37,3.25,2.63,-5.97,-8.52
4.48,-56.16,-42.37,3.77,2.63,-5.97,-8.52
4.48,-56.16,-42.37,3.77,2.63,-5.62,-8.52
4.48,-56.16,-43.51,3.77,2.37,-5.36,-8.52
4.48,-55.98,-44.3,3.77,2.19,-5.09,-8.52
4.48,-56.07,-44.3,3.77,2.19,-5.09,-8.52
4.48,-56.07,-44.3,3.77,2.19,-5.09,-8.52
4.48,-56.07,-44.3,3.77,2.19,-4.48,-8.52