-29.44,-33.31,-49.18,-10.01,-33.66,23.02,-24.43
-29.44,-33.31,-49.18,-10.01,-33.66,23.02,-24.43
-29.44,-33.31,-49.18,-10.01,-33.66,23.02,-24.43
-29.44,-33.31,-49.18,-10.01,-33.66,23.02,-24.43
-29.44,-33.31,-49.18,-10.01,-33.66,23.02,-24.43
-29.44,-33.31,-49.18,-10.01,-33.66,23.02,-24.43
-29.44,-33.31,-49.18,-10.01,-33.66,23.02,-24.43
-29.53,-33.31,-49.18,-10.01,-33.66,23.02,-24.43
-29.44,-33.31,-49.18,-10.01,-33.66,23.02,-24.43
-29.44,-33.31,-49.18,-10.01,-33.66,23.02,-24.43
-29.44,-33.31,-49.18,-10.01,-33.66,23.02,-24.43
-29.44,-33.31,-49.18,-10.01,-33.66,23.02,-24.43
-29.44,-33.31,-49.18,-10.01,-33.66,23.02,-24.43
-29.53,-33.31,-49.18,-10.01,-33.66,23.02,-24.43
-29.44,-33.31,-49.18,-10.01,-33.66,23.02,-24.43
-29.44,-33.31,-49.18,-10.01,-33.66,23.02,-24.43
-29.44,-33.31,-49.18,-10.01,-33.66,23.02,-24.43
-29.44,-33.31,-49.18,-10.01,-33.66,23.02,-24.43
-28.56,-34.36,-49.71,-9.93,-33.48,22.06,-25.57
-23.9,-39.9,-54.72,-10.89,-28.65,16.52,-30.93
-20.74,-45.7,-62.980000000000004,-10.01,-20.65,9.75,-38.67
-20.91,-47.28,-67.37,-9.66,-16.87,6.94,-42.09
-20.91,-43.59,-67.11,-8.08,-17.22,5.27,-42.36
-20.83,-40.69,-65.53,-6.59,-21.53,4.13,-42.36
-20.83,-40.69,-64.47,-4.92,-25.13,3.6,-42.53
-20.83,-40.6,-60.34,-3.33,-25.48,3.07,-43.33
-20.83,-40.6,-57.620000000000005,-2.02,-22.5,1.14,-44.47
-20.91,-40.42,-58.06,0.43,-21.88,-2.37,-48.42
-23.29,-40.42,-58.06,1.49,-21.79,-2.9,-56.95
-30.14,-38.49,-58.06,4.57,-19.95,-3.33,-86.66
-30.23,-35.85,-58.06,3.6,-22.76,-5.97,-85.69
-30.23,-35.85,-58.06,3.16,-22.76,-5.71,-79.27
-30.23,-35.85,-58.06,3.16,-22.76,-5.71,-73.91
-30.23,-35.85,-58.06,3.16,-22.76,-5.44,-68.55
-30.23,-35.85,-58.06,3.16,-22.76,-5.44,-65.56
-30.23,-35.85,-58.06,3.16,-22.58,-5.44,-64.33
-30.23,-35.85,-58.06,3.16,-22.58,-5.44,-59.94
-30.23,-35.85,-58.06,3.16,-22.58,-4.92,-52.99
-30.23,-35.85,-58.06,3.16,-21.88,-4.92,-47.54
-30.23,-35.85,-58.06,3.16,-21.88,-4.74,-42.62
-30.23,-35.85,-58.06,3.16,-21.88,-4.74,-40.78
-30.23,-35.85,-58.06,3.16,-21.88,-4.74,-39.02
-30.23,-35.94,-58.06,3.16,-21.7,-4.65,-35.24
-30.23,-35.94,-58.06,3.16,-21.62,-4.21,-29.17
-30.23,-35.94,-58.06,3.16,-21.62,-4.13,-27.07
-30.23,-36.03,-58.06,3.16,-21.62,-4.13,-27.07
-30.23,-36.03,-58.06,3.16,-21.62,-4.13,-27.07
-30.23,-36.03,-58.06,3.16,-21.53,-4.13,-27.07
-30.23,-36.03,-58.06,3.16,-21.53,-3.86,-27.07
-30.23,-36.03,-58.06,3.16,-21.53,-3.77,-27.07
-30.23,-36.03,-58.06,3.16,-21.53,-3.77,-27.07
-30.14,-36.12,-58.06,3.07,-21.09,-3.77,-27.07
-30.14,-36.21,-57.97,2.54,-18.98,-4.48,-27.07
-30.14,-36.21,-56.83,2.02,-17.4,-4.48,-27.07
-30.14,-36.21,-55.06999999999999,1.75,-16.69,-1.14,-27.07
-30.14,-35.85,-53.66,-0.35,-20.39,2.72,-27.07
-30.14,-33.57,-51.29,-2.63,-24.78,8.17,-27.07
-30.14,-30.93,-49.44,-6.5,-31.11,11.86,-27.07
-29.7,-28.38,-46.72,-7.99,-33.04,11.95,-27.07
-27.33,-26.36,-41.62,-9.66,-32.16,8.87,-27.07
-22.76,-23.99,-36.0,-13.71,-25.92,0.87,-27.07
-18.01,-21.79,-35.03,-15.64,-15.2,-11.16,-27.07
-17.13,-21.35,-34.68,-13.18,-7.11,-23.2,-27.07
-16.96,-21.35,-33.36,-12.21,-3.86,-30.58,-27.07
-16.61,-21.44,-33.27,-9.4,-4.13,-33.39,-27.07
-16.61,-21.44,-33.27,-8.34,-10.54,-32.43,-27.07
-15.82,-21.35,-33.36,-4.57,-19.68,-25.22,-27.07
-15.64,-20.3,-32.66,-2.54,-25.04,-16.52,-27.07
-16.17,-17.13,-29.4,-5.27,-26.19,-4.83,-27.07
-16.87,-13.62,-27.03,-10.54,-24.08,6.32,-27.07
-17.22,-9.14,-25.270000000000003,-12.56,-23.81,12.21,-27.07
-18.8,-4.04,-20.97,-10.19,-25.75,14.15,-27.07
-20.03,1.23,-15.25,-9.31,-23.99,13.62,-27.07
-20.21,6.59,-9.280000000000001,-11.07,-21.53,12.83,-27.07
-20.21,10.45,-5.0600000000000005,-12.12,-22.76,12.39,-27.07
-20.21,13.27,-3.74,-14.5,-28.3,12.83,-27.07
-19.95,14.76,-1.2799999999999994,-14.58,-30.23,14.58,-27.07
-19.51,14.76,1.3600000000000003,-14.85,-29.0,16.17,-26.98
-18.8,14.76,1.3600000000000003,-16.52,-26.63,17.05,-26.98
-17.92,14.76,2.1500000000000004,-16.34,-27.86,16.25,-26.98
-17.57,16.08,4.26,-16.34,-27.24,17.22,-26.98
-16.96,18.19,5.23,-16.25,-25.75,17.22,-26.98
-16.17,20.56,8.39,-16.87,-24.52,16.87,-26.98
-15.82,22.85,11.28,-17.31,-22.67,17.05,-26.98
-15.64,23.81,12.25,-17.57,-22.58,17.05,-26.98
-15.38,24.69,13.92,-17.75,-22.85,17.84,-26.98
-15.38,25.31,15.41,-17.84,-21.53,19.33,-26.98
-15.46,25.31,16.47,-17.84,-20.65,19.42,-26.98
-14.94,25.31,16.47,-17.84,-20.65,19.42,-26.98
-14.67,25.31,16.47,-17.05,-21.53,18.72,-26.98
-14.58,25.31,16.47,-16.96,-21.62,18.72,-26.98
-14.32,25.31,16.47,-15.99,-21.62,17.92,-26.98
-14.15,25.31,16.47,-15.64,-21.62,17.66,-26.98
-14.23,25.31,16.47,-15.64,-21.62,17.66,-26.98
-14.23,25.31,16.47,-15.64,-22.32,17.66,-26.98
-14.15,25.31,16.990000000000002,-15.64,-22.14,17.66,-26.98
-14.23,25.4,19.45,-15.64,-20.39,17.75,-26.98
-14.23,26.27,19.89,-15.55,-20.12,17.75,-26.98
-14.23,26.54,20.07,-15.55,-20.03,17.92,-26.98
-14.23,26.89,20.33,-15.64,-19.86,18.19,-26.98
-14.32,24.87,19.810000000000002,-16.78,-14.5,20.65,-26.98
-14.41,22.76,17.96,-16.78,-14.85,20.65,-26.98
-14.41,21.7,15.85,-16.08,-16.43,20.56,-26.98
-14.15,21.7,15.32,-16.96,-9.49,20.03,-26.98
-14.15,21.7,15.32,-16.96,-9.49,20.03,-26.98
-14.15,21.7,15.32,-16.96,-10.19,19.86,-26.98
-14.15,21.7,15.32,-16.96,-11.86,19.42,-26.98
-14.15,22.76,15.41,-16.96,-12.56,19.42,-26.98
-14.15,23.2,15.5,-16.96,-13.09,19.42,-26.98
-14.15,23.29,15.59,-16.96,-13.27,19.07,-26.98
-14.15,23.37,15.59,-16.96,-13.79,19.07,-26.98
-14.15,23.37,15.59,-16.96,-14.32,18.89,-26.98
-14.15,23.46,15.59,-16.96,-15.55,18.89,-26.98
-14.15,23.46,15.59,-16.96,-15.9,18.89,-26.98
-14.15,23.81,15.59,-16.96,-16.34,18.63,-26.98
-14.15,23.9,15.59,-16.96,-16.34,18.54,-26.98
-14.15,24.08,15.67,-16.96,-16.34,18.54,-26.98
-14.15,24.78,17.08,-16.96,-15.46,18.63,-26.98
-14.15,25.57,18.75,-16.96,-14.15,19.16,-26.98
-14.15,25.75,18.75,-17.13,-14.06,19.16,-26.98
-14.15,25.75,18.75,-17.13,-14.06,19.16,-26.98
-14.23,25.75,18.75,-17.13,-14.41,19.16,-26.98
-14.23,25.75,18.75,-17.13,-15.73,19.16,-26.98
-14.15,25.75,18.75,-17.13,-15.99,19.16,-26.98
-14.15,25.75,18.75,-17.13,-17.13,19.16,-26.98
-13.97,25.75,18.75,-17.13,-17.13,19.16,-26.98
-13.71,26.19,18.75,-17.13,-17.13,19.16,-26.98
-13.71,26.36,18.75,-17.13,-17.13,19.16,-26.98
-13.79,26.54,18.75,-17.13,-17.13,19.16,-26.98
-13.79,26.89,18.75,-17.13,-17.13,19.16,-26.98
-13.79,26.89,18.75,-17.13,-17.13,19.16,-26.98
-13.79,26.89,18.75,-17.13,-17.13,19.16,-26.98
-13.79,27.24,19.28,-17.31,-17.05,19.16,-26.98
-13.79,29.0,22.79,-18.28,-13.97,20.39,-26.98
-13.79,29.53,24.2,-19.24,-12.39,21.09,-26.98
-13.79,29.61,24.2,-19.68,-13.0,21.18,-26.98
-13.79,29.61,24.2,-19.77,-13.09,20.65,-26.98
-13.53,29.61,24.2,-19.77,-13.44,20.83,-26.98
-13.44,29.61,24.2,-19.77,-14.41,21.35,-26.98
-13.53,29.7,24.2,-19.77,-15.11,21.35,-26.98
-13.53,29.7,24.2,-19.68,-15.29,21.35,-26.98
-13.53,29.7,24.2,-19.59,-15.29,20.83,-26.98
-13.62,29.7,24.2,-19.07,-15.29,20.47,-26.98
-13.71,29.7,24.2,-19.07,-15.99,20.12,-26.98
-13.71,29.7,24.29,-19.07,-16.43,20.12,-26.98
-13.71,29.7,24.29,-19.07,-16.52,19.86,-26.98
-13.71,30.23,24.29,-19.07,-17.31,19.51,-26.98
-13.71,30.84,24.29,-19.07,-18.45,19.42,-26.98
-13.71,31.11,24.29,-19.07,-18.54,19.42,-26.98
-13.71,31.11,24.29,-19.07,-18.54,19.42,-26.98
-13.71,31.11,24.29,-19.07,-18.54,19.42,-26.98
-13.71,31.11,24.29,-19.07,-18.19,19.42,-26.98
-13.71,31.11,24.29,-19.07,-18.19,19.42,-26.98
-13.71,31.11,24.29,-19.07,-18.1,19.42,-26.98
-13.71,31.11,24.29,-19.07,-18.1,19.42,-26.98
-13.71,31.11,24.29,-19.07,-17.66,19.42,-26.98
-13.71,31.11,24.29,-19.07,-17.66,19.42,-26.98
-13.71,31.11,24.29,-19.07,-17.66,19.42,-26.98
-13.71,31.11,24.29,-19.07,-17.66,19.42,-26.98
-13.71,31.11,24.380000000000003,-19.07,-16.96,19.42,-26.98
-13.71,31.11,24.46,-19.07,-16.43,19.42,-26.98
-13.71,30.93,24.46,-19.07,-15.29,19.42,-26.98
-13.71,29.79,24.2,-18.54,-14.85,19.42,-26.98
-13.62,29.0,24.2,-18.1,-13.35,19.42,-26.98
-13.62,28.38,24.11,-17.57,-12.48,19.42,-26.98
-13.62,27.59,23.67,-17.49,-12.12,19.42,-26.98
-13.62,26.01,21.48,-17.05,-12.3,18.36,-26.98
-13.62,23.46,18.22,-16.34,-15.38,17.75,-26.98
-13.62,21.26,15.67,-16.34,-15.99,17.75,-26.98
-13.62,19.68,13.48,-16.34,-15.99,17.75,-26.98
-13.62,17.84,11.629999999999999,-16.34,-15.99,17.92,-26.98
-13.62,16.25,9.87,-16.34,-15.99,17.92,-26.98
-13.62,14.5,7.77,-16.34,-15.46,17.92,-26.98
-13.62,11.86,5.05,-16.34,-15.46,17.92,-26.98
-13.62,8.78,1.7999999999999998,-16.17,-15.46,17.92,-26.98
-13.62,5.44,-1.8100000000000005,-16.08,-15.11,17.66,-26.98
-13.62,1.84,-5.15,-15.64,-14.41,16.78,-26.98
-13.62,-1.75,-8.57,-14.32,-13.71,15.02,-26.98
-15.02,-22.06,-24.310000000000002,-9.58,-5.0,5.53,-26.98
-15.02,-23.9,-26.590000000000003,-9.66,-4.92,4.39,-26.98
-15.29,-26.27,-27.82,-9.58,-4.92,4.3,-26.98
-16.61,-27.24,-28.439999999999998,-9.58,-4.92,5.27,-26.98
-17.66,-27.42,-28.520000000000003,-9.4,-4.83,7.11,-26.98
-19.95,-27.24,-28.520000000000003,-9.49,-4.83,6.94,-26.98
-22.06,-26.98,-28.520000000000003,-9.66,-4.83,7.03,-26.98
-22.76,-26.89,-28.520000000000003,-10.19,-3.6,4.21,-26.98
-22.85,-26.89,-28.520000000000003,-10.19,-0.87,-0.79,-26.98
-23.11,-26.89,-28.96,-10.28,-0.43,-5.0,-26.98
-23.81,-26.98,-30.020000000000003,-10.01,-0.79,-5.36,-26.98
-23.9,-26.98,-30.189999999999998,-9.84,-0.79,-2.37,-26.98
-24.69,-26.98,-30.189999999999998,-9.22,-0.96,-0.7,-26.98
-25.75,-26.98,-30.189999999999998,-9.22,-2.54,2.1,-26.98
-25.92,-26.98,-30.189999999999998,-9.14,-2.98,4.48,-26.98
-26.01,-26.98,-30.189999999999998,-9.14,-2.98,4.65,-26.98
-26.01,-26.98,-30.28,-9.14,-2.9,5.0,-26.98
