-0.35,-6.06,-15.870000000000001,-1.75,23.64,18.98,-8.17
-0.35,-6.06,-15.870000000000001,-1.75,23.64,18.98,-8.17
-0.35,-6.06,-15.870000000000001,-1.75,23.64,18.98,-8.17
-0.35,-6.06,-15.870000000000001,-1.75,23.64,18.98,-8.17
-0.35,-6.06,-15.870000000000001,-1.75,23.64,18.98,-8.17
-0.35,-6.06,-15.870000000000001,-1.75,23.64,18.98,-8.17
-0.35,-6.06,-15.870000000000001,-1.75,23.64,18.98,-8.17
-0.35,-6.06,-15.870000000000001,-1.75,23.64,18.98,-8.17
-0.35,-6.06,-15.870000000000001,-1.75,23.64,18.98,-8.17
-0.35,-6.06,-15.870000000000001,-1.75,23.64,18.98,-8.17
-0.35,-6.06,-15.870000000000001,-1.75,23.64,18.98,-8.17
-0.35,-6.06,-15.870000000000001,-1.75,23.64,18.98,-8.17
-0.35,-6.06,-15.870000000000001,-1.75,23.64,18.98,-8.17
-0.35,-6.06,-15.870000000000001,-1.75,23.64,18.98,-8.17
-0.35,-6.06,-15.870000000000001,-1.75,23.64,18.98,-8.17
-0.35,-6.06,-15.870000000000001,-1.75,23.64,18.98,-8.17
-0.35,-6.06,-15.870000000000001,-1.75,23.64,18.98,-8.17
-0.35,-6.06,-15.870000000000001,-1.75,23.64,18.98,-8.17
-0.35,-6.06,-15.870000000000001,-1.75,23.64,18.98,-8.17
-0.35,-6.06,-15.870000000000001,-1.75,23.64,18.98,-8.17
-0.35,-6.06,-15.870000000000001,-1.75,23.64,18.98,-8.17
-0.26,-6.06,-16.22,-2.63,24.87,19.33,-8.17
-0.35,-6.06,-16.66,-2.81,26.98,21.0,-8.17
-0.26,-6.06,-17.1,-3.77,26.98,22.85,-8.34
-0.35,-6.24,-17.19,-4.04,26.98,23.73,-12.3
-0.26,-6.24,-17.45,-4.13,26.98,23.9,-20.3
-0.35,-6.24,-17.45,-4.48,27.5,23.9,-32.87
-0.35,-6.24,-17.45,-4.57,27.94,24.08,-47.46
-0.35,-6.24,-17.45,-4.57,28.74,24.16,-59.06
-0.35,-6.24,-17.45,-4.57,29.53,24.16,-65.47
-0.35,-6.24,-17.54,-4.57,30.05,24.16,-67.85
-0.35,-6.24,-17.54,-4.57,30.49,24.16,-66.09
-0.35,-6.24,-17.54,-4.57,30.49,24.16,-62.66
-0.35,-6.24,-17.54,-4.57,30.49,24.16,-61.61
-0.35,-6.24,-17.54,-4.57,30.49,24.16,-60.11
-0.35,-6.24,-17.54,-4.57,30.93,24.16,-59.58
-0.35,-6.24,-17.54,-4.57,31.37,24.16,-58.35
-0.35,-6.24,-17.54,-4.57,31.46,24.16,-56.77
-0.35,-6.24,-17.54,-4.57,31.64,24.25,-56.33
-0.26,-6.24,-17.54,-4.57,31.99,24.25,-54.84
-0.17,-6.24,-17.54,-4.57,31.99,24.6,-51.24
-0.17,-6.24,-17.54,-4.57,31.99,24.6,-47.98
-0.08,-6.24,-17.54,-4.57,32.43,24.6,-44.03
-0.08,-6.24,-17.54,-4.57,32.43,24.78,-39.02
-0.17,-6.24,-17.54,-4.57,32.87,24.78,-37.35
-0.26,-6.24,-17.54,-4.57,32.95,24.78,-34.98
-0.26,-6.24,-17.54,-4.57,33.57,25.04,-30.05
-0.35,-6.24,-17.54,-4.57,34.01,25.66,-28.21
-0.35,-6.24,-17.54,-4.57,34.01,25.83,-28.21
-0.35,-6.24,-17.54,-4.57,34.01,25.92,-28.21
-0.35,-6.24,-17.54,-4.57,33.39,26.01,-28.21
-0.35,-6.24,-17.54,-4.65,31.46,26.01,-28.21
-0.35,-6.24,-17.54,-4.57,28.91,26.01,-28.21
-0.43,-6.24,-16.57,-3.16,26.01,24.69,-28.21
-0.26,-6.24,-15.43,-1.05,22.85,22.5,-28.21
-0.26,-6.24,-14.38,1.49,21.26,20.03,-28.21
0.79,-6.24,-13.58,4.3,19.42,17.31,-28.21
2.46,-6.24,-13.58,5.27,18.54,16.25,-28.21
4.04,-6.24,-13.58,5.27,16.43,15.73,-28.21
6.41,-6.24,-13.58,5.09,14.15,15.64,-28.21
7.99,-6.15,-13.41,3.86,12.65,15.64,-28.21
8.87,-5.88,-11.91,2.81,11.42,15.82,-28.21
9.58,-5.18,-9.81,2.02,10.28,16.52,-28.21
9.49,-3.86,-7.779999999999999,0.87,10.28,17.66,-28.21
9.49,-2.81,-6.55,-1.23,10.28,19.42,-28.21
9.4,-1.84,-6.55,-5.0,10.28,22.5,-28.21
8.43,-1.75,-6.55,-8.43,10.28,23.9,-28.21
7.38,-0.87,-6.55,-10.01,9.66,24.08,-28.21
7.11,-0.26,-6.55,-10.81,9.4,23.02,-28.21
7.2,-0.17,-6.55,-10.81,9.4,21.09,-28.21
7.11,0.79,-6.55,-10.81,9.58,18.89,-28.21
7.2,2.37,-5.15,-10.19,11.16,17.4,-28.21
7.11,4.74,-2.25,-10.19,12.3,17.05,-28.21
7.11,17.75,15.5,-12.04,17.05,19.77,-28.21
7.11,17.84,15.58,-12.04,17.05,19.86,-28.21
7.2,17.92,16.46,-12.04,17.05,19.86,-28.21
7.29,17.92,16.64,-9.84,17.05,18.63,-28.21
7.38,17.92,16.73,-9.22,17.05,18.19,-28.21
7.38,18.1,17.25,-9.22,16.96,18.19,-28.21
7.38,19.07,18.66,-9.22,17.05,18.19,-28.21
7.47,20.21,20.59,-10.01,17.22,18.19,-28.21
7.47,21.26,21.83,-10.28,18.36,18.28,-28.21
7.38,22.14,22.88,-10.28,18.63,18.28,-28.21
7.38,22.85,23.93,-10.28,19.42,18.28,-28.21
7.47,23.37,23.93,-10.28,19.42,18.28,-28.21
7.64,23.64,23.93,-10.98,19.42,18.28,-28.21
7.99,23.9,23.93,-10.98,19.68,18.63,-28.21
8.08,24.43,24.9,-10.98,19.77,18.63,-28.21
8.26,24.78,26.13,-11.42,20.12,18.98,-28.21
8.34,25.83,27.45,-12.04,20.83,19.33,-28.21
8.34,26.63,28.5,-12.39,21.18,19.86,-28.21
8.34,27.24,29.82,-12.83,21.35,20.39,-28.21
8.34,27.77,30.44,-12.91,21.97,20.47,-28.21
8.34,28.38,31.05,-12.91,22.06,20.56,-28.21
8.34,29.09,32.55,-12.91,22.58,20.83,-28.21
8.34,29.79,33.25,-12.91,22.76,20.83,-28.21
8.34,30.32,34.48,-13.18,23.37,21.09,-28.21
8.34,30.58,35.27,-13.35,23.46,21.18,-28.21
8.34,30.76,35.27,-13.44,23.46,21.26,-28.21
8.61,30.93,35.8,-13.62,23.46,21.44,-28.21
8.7,31.46,36.59,-14.06,23.9,21.79,-28.21
8.7,31.46,36.68,-14.32,23.9,21.79,-28.21
8.7,31.46,36.68,-14.41,23.9,21.88,-28.21
8.78,31.46,36.68,-14.58,23.9,21.88,-28.21
8.78,31.46,36.68,-14.58,23.9,21.88,-28.21
8.96,31.64,36.68,-14.58,23.9,21.88,-28.21
8.96,31.64,36.68,-14.58,23.9,21.88,-28.21
8.96,31.64,36.68,-14.58,23.9,21.88,-28.21
8.96,31.64,36.68,-14.58,23.9,21.88,-28.21
8.96,31.64,36.68,-14.58,23.9,21.88,-28.21
8.96,31.64,36.68,-14.58,23.9,21.88,-28.21
8.96,31.64,36.68,-14.58,23.9,21.88,-28.21
8.96,31.64,36.77,-14.58,23.9,21.88,-28.21
8.96,31.64,36.77,-14.58,23.9,21.88,-28.21
8.96,31.64,36.77,-14.58,23.9,21.88,-28.21
8.96,31.64,36.77,-14.58,23.9,21.88,-28.21
8.96,31.64,36.77,-14.58,23.9,21.88,-28.21
8.96,31.64,36.77,-14.58,23.9,21.88,-28.21
8.96,31.64,36.77,-14.58,23.9,21.88,-28.21
8.96,31.64,36.77,-14.58,23.9,21.88,-28.21
8.96,31.64,36.77,-14.58,23.9,21.88,-28.21
8.96,31.64,36.77,-14.58,23.9,21.88,-28.21
8.96,31.64,36.77,-14.58,23.9,21.88,-28.21
8.96,31.64,36.77,-14.58,23.9,21.88,-28.21
8.96,31.64,36.77,-14.58,23.9,21.88,-28.21
8.96,31.64,36.77,-14.58,23.9,21.88,-28.21
8.96,31.64,36.77,-14.58,23.9,21.88,-28.21
8.96,31.64,36.77,-14.58,23.9,21.88,-28.21
8.96,31.64,36.77,-14.58,23.9,21.88,-28.21
8.96,31.64,36.77,-14.58,23.9,21.88,-28.21
8.96,31.64,36.77,-14.58,23.9,21.88,-28.21
8.96,31.64,36.77,-14.76,23.9,21.88,-28.21
8.96,31.64,36.77,-14.94,23.9,21.97,-28.21
8.96,31.64,36.77,-14.94,23.9,21.97,-28.21
8.96,31.64,36.77,-14.94,23.9,21.97,-28.21
8.96,31.64,36.77,-14.94,23.9,21.97,-28.21
8.96,31.64,36.77,-14.94,23.9,21.97,-28.21
8.96,31.64,36.77,-14.94,23.9,21.97,-28.21
8.96,31.64,36.77,-14.94,23.9,21.97,-28.21
8.96,31.64,36.77,-15.02,23.9,21.97,-28.21
8.96,31.64,36.77,-15.02,23.9,21.97,-28.21
8.96,31.64,36.77,-15.02,23.9,21.97,-28.21
8.96,31.64,36.77,-15.02,23.9,21.97,-28.21
8.96,31.64,36.77,-15.02,23.9,21.97,-28.21
8.96,31.64,36.77,-15.02,23.9,21.97,-28.21
8.96,31.64,36.77,-15.02,24.08,21.97,-28.21
8.96,31.64,37.12,-15.02,25.22,21.88,-28.21
9.05,31.64,37.21,-15.02,26.8,21.88,-28.21
9.14,31.46,36.94,-15.02,26.98,22.23,-28.21
9.22,31.11,36.77,-15.02,28.03,22.23,-28.21
9.05,30.32,36.41,-14.32,28.91,22.23,-28.21
9.05,29.17,35.1,-13.97,29.0,22.41,-28.21
8.96,27.33,33.34,-13.0,29.0,22.5,-28.21
8.78,25.66,31.67,-12.39,29.0,22.5,-28.21
8.52,24.34,30.26,-12.3,29.0,22.5,-28.21
8.17,22.67,28.07,-11.25,28.56,22.5,-28.21
7.91,20.3,25.96,-10.81,28.21,22.5,-28.21
7.29,17.66,23.58,-9.05,27.33,22.14,-28.21
7.11,15.29,22.0,-8.96,26.89,21.79,-28.21
7.2,11.77,17.78,-8.61,25.83,21.62,-28.21
7.11,7.38,13.83,-8.34,24.87,21.53,-28.21
7.11,3.07,9.61,-8.17,23.9,21.53,-28.21
7.11,-1.14,5.39,-8.08,23.29,21.53,-28.21
6.41,-5.71,1.26,-7.38,23.2,21.44,-28.21
4.74,-9.93,-2.69,-5.88,22.76,21.53,-28.21
-2.28,-29.0,-26.77,-2.9,16.08,18.98,-28.21
-4.65,-31.81,-29.76,1.93,15.9,14.41,-28.21
-7.38,-34.62,-32.75,4.74,15.46,10.89,-28.21
-9.49,-36.91,-35.12,6.24,14.94,8.96,-28.21
-10.81,-38.49,-36.79,7.47,14.41,7.91,-28.21
-11.86,-41.48,-40.13,8.43,13.0,6.06,-28.21
-11.86,-44.12,-43.12,8.43,12.74,5.53,-28.21
-11.86,-47.1,-45.58,8.43,12.83,5.36,-28.21
-11.95,-49.74,-47.51,8.43,13.97,5.18,-28.21
-11.95,-51.15,-48.74,8.34,14.94,4.92,-28.21
-11.95,-51.41,-49.18,8.34,15.11,4.83,-28.21
-11.95,-51.67,-49.18,8.34,15.38,4.83,-28.21
-11.95,-51.67,-49.18,7.91,15.38,4.83,-28.21
-11.95,-51.67,-49.18,7.82,15.38,4.83,-28.21
-11.95,-51.67,-49.18,7.82,15.38,4.83,-28.91
-11.95,-51.67,-49.18,7.82,15.38,4.83,-34.01
-11.95,-51.67,-49.18,7.82,15.38,4.83,-43.5
-11.95,-51.67,-49.18,7.64,15.38,4.83,-53.08
-11.95,-51.67,-49.18,7.64,15.38,4.83,-59.58
-11.95,-51.67,-49.18,7.55,15.38,4.83,-62.66
-11.95,-51.67,-49.18,7.55,15.38,4.83,-62.84
-11.95,-51.67,-49.18,7.11,15.38,4.83,-61.96
-11.95,-51.67,-49.18,5.97,15.38,5.53,-61.25
-11.95,-51.76,-49.18,2.9,15.29,8.43,-60.46
-11.95,-52.03,-49.18,1.93,15.29,9.49,-59.76
-11.95,-54.14,-49.18,2.72,14.94,9.22,-59.5
-11.95,-57.39,-49.18,6.5,15.11,5.62,-59.85
-11.95,-58.71,-48.83,12.65,17.84,0.08,-59.85
-11.95,-56.77,-47.51,19.68,20.03,-6.5,-59.85
-11.95,-54.22,-45.4,24.87,21.53,-11.42,-59.67
-11.95,-50.97,-42.15,25.92,23.55,-12.3,-59.5
-11.95,-48.69,-41.09,25.22,24.16,-11.42,-59.5
-11.95,-48.69,-40.92,24.96,24.25,-11.42,-59.5
-11.95,-48.69,-40.92,24.25,24.25,-10.89,-59.5
-11.95,-48.6,-40.92,23.9,24.25,-10.19,-59.15
-11.95,-48.6,-40.92,23.46,24.25,-9.66,-59.15
-11.95,-48.6,-40.92,23.46,24.25,-9.22,-58.53
-11.95,-48.6,-40.92,23.46,24.25,-9.14,-58.62
-11.95,-48.6,-40.92,23.46,24.25,-9.14,-58.44
-11.95,-48.6,-40.92,23.46,24.25,-9.14,-58.09
-11.95,-48.6,-40.92,23.46,24.25,-9.05,-58.09
-11.95,-48.6,-40.92,23.46,24.25,-9.05,-58.09
-11.95,-48.6,-40.92,23.46,24.25,-9.05,-57.56
-11.95,-48.6,-40.92,23.46,24.16,-9.05,-57.56
-11.95,-48.6,-40.92,23.46,24.16,-9.14,-57.56
-11.95,-48.6,-40.92,23.46,24.16,-9.14,-57.56
-11.95,-48.6,-40.92,23.46,24.16,-9.14,-57.56
-11.95,-48.6,-40.92,23.46,24.16,-9.14,-56.86